41	30	97	119	79	83	23	90	92	104	42	17	5	47	124	126	76	
96	95	97	71	65	1	9	10	118	83	96	37	113	91	68	53	16	
11	105	117	32	71	63	21	103	125	124	104	86	13	47	115	77	99	
36	109	25	110	101	21	60	66	23	27	41	9	102	122	35	97	47	
22	32	30	19	69	12	67	16	36	124	127	4	63	66	7	10	117	
permitted to come

36	109	25	110	101	21	60	66	23	27	41	9	102	122	35	97	47	
22	32	30	19	69	12	67	16	36	124	127	4	63	66	7	10	117	
98	54	60	59	114	102	77	2	47	123	14	43	38	46	83	74	96	
0	96	61	120	126	27	12	18	104	6	79	60	31	58	37	0	58	
52	126	117	74	69	10	71	121	84	118	126	105	20	73	60	1	116	
destiny; listen t

0	96	61	120	126	27	12	18	104	6	79	60	31	58	37	0	58	
52	126	117	74	69	10	71	121	84	118	126	105	20	73	60	1	116	
37	37	27	120	49	98	39	51	23	115	11	115	14	29	105	86	67	
102	16	18	52	43	1	30	39	1	94	60	84	80	15	26	111	112	
3	67	36	94	83	19	4	22	68	56	38	29	51	65	43	74	11	
the ravine of Arv

102	16	18	52	43	1	30	39	1	94	60	84	80	15	26	111	112	
3	67	36	94	83	19	4	22	68	56	38	29	51	65	43	74	11	
114	63	53	53	26	93	74	3	10	68	22	63	51	108	84	28	103	
40	63	119	60	37	59	99	121	88	95	121	36	82	75	19	19	21	
72	50	0	0	47	84	71	35	114	93	23	62	109	26	5	69	100	
watch the blossom

40	63	119	60	37	59	99	121	88	95	121	36	82	75	19	19	21	
72	50	0	0	47	84	71	35	114	93	23	62	109	26	5	69	100	
41	30	97	119	79	83	23	90	92	104	42	17	5	47	124	126	76	
96	95	97	71	65	1	9	10	118	83	96	37	113	91	68	53	16	
93	36	30	127	36	84	73	42	109	64	4	93	46	70	92	120	89	
this is my secret

Total storage size = 255 bytes