110	102	67	115	13	14	87	49	61	12	74	106	57	18	113	57	90	
30	16	85	24	16	44	125	57	85	90	98	5	91	112	17	113	66	
37	107	121	116	26	114	119	120	9	3	28	94	8	58	6	55	79	
78	33	102	101	31	30	63	90	100	36	93	56	20	77	14	78	39	
122	78	123	27	118	41	7	10	104	8	73	96	26	112	9	66	80	
arrange my ideas 

45	89	117	119	88	19	49	19	78	124	83	120	33	67	94	5	83	
106	29	75	118	24	63	68	10	104	11	63	2	79	26	57	95	47	
21	126	87	125	123	0	45	43	53	112	82	19	4	14	76	82	73	
64	112	19	10	55	42	57	72	117	41	5	54	99	99	49	85	62	
90	37	13	86	109	106	21	31	20	75	95	127	108	66	127	47	114	
How altered every

89	73	80	117	64	17	63	77	36	37	39	16	18	115	1	45	115	
8	123	118	125	60	53	84	24	91	123	22	10	85	111	53	68	48	
114	75	86	89	28	106	98	54	20	83	18	105	53	66	8	105	78	
72	107	91	71	123	62	54	105	100	15	88	125	84	118	48	81	50	
8	96	78	119	111	25	80	100	47	109	29	46	71	8	110	52	86	
creation of a bei

18	32	105	70	51	18	110	63	122	15	114	77	67	100	110	5	87	
60	71	100	103	14	92	40	83	48	100	4	15	59	1	74	6	37	
43	14	88	72	117	83	71	25	47	57	114	42	65	8	6	97	117	
120	88	30	67	80	76	92	122	36	11	68	66	88	82	46	65	125	
28	69	63	88	113	51	40	123	36	61	96	94	9	90	44	69	27	
attributed the fa

51	35	101	56	108	62	34	2	117	68	23	29	45	103	1	105	107	
14	127	27	52	66	5	45	120	102	17	39	18	2	84	97	79	33	
65	95	122	126	99	106	20	16	101	73	60	96	71	59	5	69	122	
109	84	96	72	57	56	5	6	4	95	85	102	107	59	89	6	115	
101	63	13	73	84	0	109	76	31	58	121	122	102	80	78	0	55	
this is my secret

Total storage size = 425 bytes