48	7	101	70	104	118	104	70	40	86	20	109	60	40	122	122	127	
41	14	42	104	110	78	3	26	21	53	83	94	109	60	127	116	22	
76	83	124	30	87	61	32	37	40	106	20	14	114	57	110	43	84	
100	70	7	109	115	82	82	126	92	0	16	58	26	91	43	70	8	
58	11	46	2	60	75	23	13	95	4	89	21	35	103	75	60	37	
the acquirement o

48	7	101	70	104	118	104	70	40	86	20	109	60	40	122	122	127	
41	14	42	104	110	78	3	26	21	53	83	94	109	60	127	116	22	
76	83	124	30	87	61	32	37	40	106	20	14	114	57	110	43	84	
100	70	7	109	115	82	82	126	92	0	16	58	26	91	43	70	8	
60	6	59	78	52	77	2	84	22	30	83	15	35	127	90	110	102	
replied, however,

48	7	101	70	104	118	104	70	40	86	20	109	60	40	122	122	127	
41	14	42	104	110	78	3	26	21	53	83	94	109	60	127	116	22	
76	83	124	30	87	61	32	37	40	106	20	14	114	57	110	43	84	
100	70	7	109	115	82	82	126	92	0	16	58	26	91	43	70	8	
58	11	42	86	125	77	30	17	69	2	89	28	102	126	87	115	106	
that existed who 

48	7	101	70	104	118	104	70	40	86	20	109	60	40	122	122	127	
41	14	42	104	110	78	3	26	21	53	83	94	109	60	127	116	22	
76	83	124	30	87	61	32	37	40	106	20	14	114	57	110	43	84	
100	70	7	109	115	82	82	126	92	0	16	58	26	91	43	70	8	
45	12	38	79	56	70	5	29	91	19	82	12	102	102	89	60	39	
commencement of m

48	7	101	70	104	118	104	70	40	86	20	109	60	40	122	122	127	
41	14	42	104	110	78	3	26	21	53	83	94	109	60	127	116	22	
76	83	124	30	87	61	32	37	40	106	20	14	114	57	110	43	84	
100	70	7	109	115	82	82	126	92	0	16	58	26	91	43	70	8	
58	11	34	81	125	65	21	88	91	15	28	11	35	106	77	121	62	
this is my secret

Total storage size = 170 bytes